          0
          0
          0
          0
          0
          0
          0
          0
          0
          0
          0
          0
          0
          0
          0
          0
          0
          0
          0
          0
          0
          0
          0
          0
          0
          0
          0
          0
          0
          0
          0
          0
          0
          0
          0
          0
          0
          0
          0
          0
          0
          0
          0
          0
          0
          0
          0
          0
          0
          0
          0
          0
          0
          0
          0
          0
          0
          0
          0
          0
          0
          0
          0
          0
          0
          0
          0
          0
          0
          0
          0
          0
          0
          0
          0
          0
          0
          0
          0
          0
          0
          0
          0
          0
          0
          0
          0
          0
          0
          0
          0
          0
          0
          0
          0
          0
          0
          0
          0
          0
          0
          0
          0
          0
          0
          0
          0
          0
          0
          0
          0
          0
          0
          0
          0
          0
          0
          0
          0
          0
          0
          0
          0
          0
          0
          0
          0
          0
          0
          0
          0
          0
          0
          0
          0
          0
          0
          0
          0
          0
          0
          0
          0
          0
          0
          0
          0
          0
          0
          0
          0
          0
          0
          0
          0
          0
          0
          0
          0
          0
          0
          0
          0
          0
          0
          0
          0
          0
          0
          0
          0
          0
          0
          0
          0
          0
          0
          0
          0
          0
          0
          0
          0
          0
          0
          0
          0
          0
          0
          0
          0
          0
          0
          0
          0
          0
          0
          0
          0
          0
          0
          0
          0
          0
          0
          0
          0
          0
          0
          0
          0
          0
          0
          0
          0
          0
          0
          0
          0
          0
          0
          0
          0
          0
          0
          0
          0
          0
          0
          0
          0
          0
          0
          0
          0
          0
          0
          0
          0
          0
          0
          0
          0
          0
          0
     -93726
     -90016
     -80704
     -66968
     -50370
     -32054
     -14237
       1076
      11492
      16550
      14555
       5940
      -9010
     -28665
     -51336
     -74088
     -94218
    -109388
    -116376
    -113432
    -100119
     -75294
     -39974
       3712
      50804
     101400
     147467
     188730
     221116
     239031
     243908
     233730
     116358
      86884
      55224
      25784
       2622
     -10857
     -11822
       1610
      28678
      70200
     120984
     180000
     242422
     299988
     350052
     385812
     403071
     401940
     376480
     329032
     263580
     181279
      88550
      -7590
     -95888
    -176450
    -235294
    -273960
    -287896
    -272727
    -233864
    -174510
    -195201
    -114376
     -32656
      37400
      85008
      98935
      69897
      -8066
    -132158
    -309250
    -520714
    -767160
   -1033712
   -1287936
   -1523960
   -1712214
   -1832577
   -1880592
   -1822392
   -1656512
   -1387452
   -1004296
    -519731
      47576
     648336
    1301700
    1922609
    2525580
    3071986
    3490227
    3795764
    3945564
    3835140
    3678708
    3347032
    2867656
    2272101
    1560917
     768936
     -67192
    -876382
   -1688400
   -2398451
   -3037410
   -3570080
   -3927807
   -4145692
   -4191516
   -4068225
   -3812108
   -3394144
   -2850848
   -2218143
   -1498924
    -727605
      62754
     809172
    1543600
    2174872
    2735820
    3198550
    3505671
    3690984
    3726954
    3523581
    3302868
    2946320
    2482744
    1940763
    1319290
     644943
     -56078
    -729690
   -1405850
   -2001703
   -2546100
   -3011354
   -3339531
   -3558056
   -3636108
   -3570936
   -3388708
   -3057496
   -2603656
   -2054475
   -1408026
    -693128
      60608
     791986
    1530250
    2182327
    2776410
    3279958
    3628989
    3853052
    3919104
    3733665
    3518048
    3150888
    2662528
    2084697
    1417849
     692714
     -60134
    -780494
   -1498650
   -2125101
   -2690280
   -3165160
   -3490344
   -3696812
   -3754926
   -3665154
   -3456916
   -3100552
   -2625216
   -2060340
   -1404924
    -688413
      59946
     780494
    1503350
    2138378
    2715030
    3202578
    3539952
    3756828
    3821328
    3639939
    3518048
    3150888
    2662528
    2084697
    1417849
     692714
     -60134
    -780494
   -1498650
   -2125101
   -2690280
   -3165160
   -3490344
   -3696812
   -3754926
   -3665154
   -3456916
   -3100552
   -2625216
   -2060340
   -1404924
    -688413
      59946
     780494
    1503350
    2138378
    2715030
    3202578
    3539952
    3756828
    3821328
    3639939
    3518048
    3150888
    2662528
    2084697
    1417849
     692714
     -60134
    -780494
   -1498650
   -2125101
   -2690280
   -3165160
   -3490344
   -3696812
   -3754926
   -3665154
   -3456916
   -3100552
   -2625216
   -2060340
   -1404924
    -688413
      59946
     780494
    1503350
    2138378
    2715030
    3202578
    3539952
    3756828
    3821328
    3639939
    3518048
    3150888
    2662528
    2084697
    1417849
     692714
     -60134
    -780494
   -1498650
   -2125101
   -2690280
   -3165160
   -3490344
   -3696812
   -3754926
   -3665154
   -3456916
   -3100552
   -2625216
   -2060340
   -1404924
    -688413
      59946
     780494
    1503350
    2138378
    2715030
    3202578
    3539952
    3756828
    3821328
    3639939
    3518048
    3150888
    2662528
    2084697
    1417849
     692714
     -60134
    -780494
   -1498650
   -2125101
   -2690280
   -3165160
   -3490344
   -3696812
   -3754926
   -3665154
   -3456916
   -3100552
   -2625216
   -2060340
   -1404924
    -688413
      59946
     780494
    1503350
    2138378
    2715030
    3202578
    3539952
    3756828
    3821328
    3639939
    3518048
    3150888
    2662528
    2084697
    1417849
     692714
     -60134
    -780494
   -1498650
   -2125101
   -2690280
   -3165160
   -3490344
   -3696812
   -3754926
   -3665154
   -3456916
   -3100552
   -2625216
   -2060340
   -1404924
    -688413
      59946
     780494
    1503350
    2138378
    2715030
    3202578
    3539952
    3756828
    3821328
    3639939
    3518048
    3150888
    2662528
    2084697
    1417849
     692714
     -60134
    -780494
   -1498650
   -2125101
   -2690280
   -3165160
   -3490344
   -3696812
   -3754926
   -3665154
   -3456916
   -3100552
   -2625216
   -2060340
   -1404924
    -688413
      59946
     780494
    1503350
    2138378
    2715030
    3202578
    3539952
    3756828
    3821328
    3639939
    3518048
    3150888
    2662528
    2084697
    1417849
     692714
     -60134
    -780494
   -1498650
   -2125101
   -2690280
   -3165160
   -3490344
   -3696812
   -3754926
   -3665154
   -3456916
   -3100552
   -2625216
   -2060340
   -1404924
    -688413
      59946
     780494
    1503350
    2138378
    2715030
    3202578
    3539952
    3756828
    3821328
    3639939
    3518048
    3150888
    2662528
    2084697
    1417849
     692714
     -60134
    -780494
   -1498650
   -2125101
   -2690280
   -3165160
   -3490344
   -3696812
   -3754926
   -3665154
   -3456916
   -3100552
   -2625216
   -2060340
   -1404924
    -688413
      59946
     780494
    1503350
    2138378
    2715030
    3202578
    3539952
    3756828
    3821328
    3639939
    3518048
    3150888
    2662528
    2084697
    1417849
     692714
     -60134
    -780494
   -1498650
   -2125101
   -2690280
   -3165160
   -3490344
   -3696812
   -3754926
   -3665154
   -3456916
   -3100552
   -2625216
   -2060340
   -1404924
    -688413
      59946
     780494
    1503350
    2138378
    2715030
    3202578
    3539952
    3756828
    3821328
    3639939
    3518048
    3150888
    2662528
    2084697
    1417849
     692714
     -60134
    -780494
   -1498650
   -2125101
   -2690280
   -3165160
   -3490344
   -3696812
   -3754926
   -3665154
   -3456916
   -3100552
   -2625216
   -2060340
   -1404924
    -688413
      59946
     780494
    1503350
    2138378
    2715030
    3202578
    3539952
    3756828
    3821328
    3639939
    3518048
    3150888
    2662528
    2084697
    1417849
     692714
     -60134
    -780494
   -1498650
   -2125101
   -2690280
   -3165160
   -3490344
   -3696812
   -3754926
   -3665154
   -3456916
   -3100552
   -2625216
   -2060340
   -1404924
    -688413
      59946
     780494
    1503350
    2138378
    2715030
    3202578
    3539952
    3756828
    3821328
    3639939
    3518048
    3150888
    2662528
    2084697
    1417849
     692714
     -60134
    -780494
   -1498650
   -2125101
   -2690280
   -3165160
   -3490344
   -3696812
   -3754926
   -3665154
   -3456916
   -3100552
   -2625216
   -2060340
   -1404924
    -688413
      59946
     780494
    1503350
    2138378
    2715030
    3202578
    3539952
    3756828
    3821328
    3639939
    3518048
    3150888
    2662528
    2084697
    1417849
     692714
     -60134
    -780494
   -1498650
   -2125101
   -2690280
   -3165160
   -3490344
   -3696812
   -3754926
   -3665154
   -3456916
   -3100552
   -2625216
   -2060340
   -1404924
    -688413
      59946
     780494
    1503350
    2138378
    2715030
    3202578
    3539952
    3756828
    3821328
    3639939
    3518048
    3150888
    2662528
    2084697
    1417849
     692714
     -60134
    -780494
   -1498650
   -2125101
   -2690280
   -3165160
   -3490344
   -3696812
   -3754926
   -3665154
   -3456916
   -3100552
   -2625216
   -2060340
   -1404924
    -688413
      59946
     780494
    1503350
    2138378
    2715030
    3202578
    3539952
    3756828
    3821328
    3827391
    3698080
    3312296
    2796464
    2185437
    1481957
     721188
     -62286
    -803478
   -1531750
   -2154211
   -2702160
   -3147140
   -3433014
   -3594140
   -3606750
   -3476718
   -3238140
   -2867800
   -2398352
   -1860102
   -1254336
    -608465
      52522
     678886
    1300550
    1843444
    2337570
    2760346
    3061890
    3269012
    3353868
    3407223
    3344280
    3040440
    2610960
    2079453
    1439563
     716358
     -63354
    -837850
   -1639050
   -2367069
   -3050280
   -3650004
   -4090320
   -4396916
   -4526550
   -4471296
   -4260796
   -3853512
   -3283280
   -2587500
   -1767482
    -865513
      75126
     972270
    1856250
    2608966
    3262950
    3778370
    4085406
    4224556
    4170348
    4030341
    3746800
    3216200
    2587728
    1914681
    1219979
     552920
     -44002
    -516178
    -880150
   -1083673
   -1155960
   -1097736
    -914472
    -648892
    -330498
          0
     304268
     544232
     687808
     714564
     603668
     351049
     -35206
    -516178
   -1100050
   -1706840
   -2336130
   -2941394
   -3440502
   -3834700
   -4069800
   -4030341
   -3839368
   -3543176
   -3072784
   -2459505
   -1703985
    -845158
      74250
     972270
    1878150
    2671801
    3384540
    3975000
    4365270
    4594572
    4628106
    4471296
    4167300
    3687736
    3076480
    2375946
    1592924
     766797
     -65562
    -837850
   -1583850
   -2211366
   -2756610
   -3194522
   -3471390
   -3625140
   -3632580
   -3407223
   -3087688
   -2741752
   -2302960
   -1796829
   -1220731
    -597172
      52022
     678886
    1313050
    1878305
    2401920
    2857548
    3188718
    3419300
    3517290
    3476718
    3320500
    3014440
    2582096
    2048610
    1411128
     697843
     -61270
    -803478
   -1557150
   -2226276
   -2837790
   -3357338
   -3718026
   -3949276
   -4016880
   -3827391
   -3518048
   -3150888
   -2662528
   -2084697
   -1417849
    -692714
      60134
     780494
    1498650
    2125101
    2690280
    3165160
    3490344
    3696812
    3754926
    3665154
    3456916
    3100552
    2625216
    2060340
    1404924
     688413
     -59946
    -780494
   -1503350
   -2138378
   -2715030
   -3202578
   -3539952
   -3756828
   -3821328
   -3639939
   -3518048
   -3150888
   -2662528
   -2084697
   -1417849
    -692714
      60134
     780494
    1498650
    2125101
    2690280
    3165160
    3490344
    3696812
    3754926
    3665154
    3456916
    3100552
    2625216
    2060340
    1404924
     688413
     -59946
    -780494
   -1503350
   -2138378
   -2715030
   -3202578
   -3539952
   -3756828
   -3821328
   -3639939
   -3518048
   -3150888
   -2662528
   -2084697
   -1417849
    -692714
      60134
     780494
    1498650
    2125101
    2690280
    3165160
    3490344
    3696812
    3754926
    3665154
    3456916
    3100552
    2625216
    2060340
    1404924
     688413
     -59946
    -780494
   -1503350
   -2138378
   -2715030
   -3202578
   -3539952
   -3756828
   -3821328
   -3639939
   -3518048
   -3150888
   -2662528
   -2084697
   -1417849
    -692714
      60134
     780494
    1498650
    2125101
    2690280
    3165160
    3490344
    3696812
    3754926
    3665154
    3456916
    3100552
    2625216
    2060340
    1404924
     688413
     -59946
    -780494
   -1503350
   -2138378
   -2715030
   -3202578
   -3539952
   -3756828
   -3821328
   -3639939
   -3518048
   -3150888
   -2662528
   -2084697
   -1417849
    -692714
      60134
     780494
    1498650
    2125101
    2690280
    3165160
    3490344
    3696812
    3754926
    3665154
    3456916
    3100552
    2625216
    2060340
    1404924
     688413
     -59946
    -780494
   -1503350
   -2138378
   -2715030
   -3202578
   -3539952
   -3756828
   -3821328
   -3639939
   -3518048
   -3150888
   -2662528
   -2084697
   -1417849
    -692714
      60134
     780494
    1498650
    2125101
    2690280
    3165160
    3490344
    3696812
    3754926
    3665154
    3456916
    3100552
    2625216
    2060340
    1404924
     688413
     -59946
    -780494
   -1503350
   -2138378
   -2715030
   -3202578
   -3539952
   -3756828
   -3821328
   -3639939
   -3518048
   -3150888
   -2662528
   -2084697
   -1417849
    -692714
      60134
     780494
    1498650
    2125101
    2690280
    3165160
    3490344
    3696812
    3754926
    3665154
    3456916
    3100552
    2625216
    2060340
    1404924
     688413
     -59946
    -780494
   -1503350
   -2138378
   -2715030
   -3202578
   -3539952
   -3756828
   -3821328
   -3639939
   -3518048
   -3150888
   -2662528
   -2084697
   -1417849
    -692714
      60134
     780494
    1498650
    2125101
    2690280
    3165160
    3490344
    3696812
    3754926
    3665154
    3456916
    3100552
    2625216
    2060340
    1404924
     688413
     -59946
    -780494
   -1503350
   -2138378
   -2715030
   -3202578
   -3539952
   -3756828
   -3821328
   -3639939
   -3518048
   -3150888
   -2662528
   -2084697
   -1417849
    -692714
      60134
     780494
    1498650
    2125101
    2690280
    3165160
    3490344
    3696812
    3754926
    3665154
    3456916
    3100552
    2625216
    2060340
    1404924
     688413
     -59946
    -780494
   -1503350
   -2138378
   -2715030
   -3202578
   -3539952
   -3756828
   -3821328
   -3639939
   -3518048
   -3150888
   -2662528
   -2084697
   -1417849
    -692714
      60134
     780494
    1498650
    2125101
    2690280
    3165160
    3490344
    3696812
    3754926
    3665154
    3456916
    3100552
    2625216
    2060340
    1404924
     688413
     -59946
    -780494
   -1503350
   -2138378
   -2715030
   -3202578
   -3539952
   -3756828
   -3821328
   -3639939
   -3518048
   -3150888
   -2662528
   -2084697
   -1417849
    -692714
      60134
     780494
    1498650
    2125101
    2690280
    3165160
    3490344
    3696812
    3754926
    3665154
    3456916
    3100552
    2625216
    2060340
    1404924
     688413
     -59946
    -780494
   -1503350
   -2138378
   -2715030
   -3202578
   -3539952
   -3756828
   -3821328
   -3639939
   -3518048
   -3150888
   -2662528
   -2084697
   -1417849
    -692714
      60134
     780494
    1498650
    2125101
    2690280
    3165160
    3490344
    3696812
    3754926
    3665154
    3456916
    3100552
    2625216
    2060340
    1404924
     688413
     -59946
    -780494
   -1503350
   -2138378
   -2715030
   -3202578
   -3539952
   -3756828
   -3821328
   -3639939
   -3518048
   -3150888
   -2662528
   -2084697
   -1417849
    -692714
      60134
     780494
    1498650
    2125101
    2690280
    3165160
    3490344
    3696812
    3754926
    3665154
    3456916
    3100552
    2625216
    2060340
    1404924
     688413
     -59946
    -780494
   -1503350
   -2138378
   -2715030
   -3202578
   -3539952
   -3756828
   -3821328
   -3639939
   -3518048
   -3150888
   -2662528
   -2084697
   -1417849
    -692714
      60134
     780494
    1498650
    2125101
    2690280
    3165160
    3490344
    3696812
    3754926
    3665154
    3456916
    3100552
    2625216
    2060340
    1404924
     688413
     -59946
    -780494
   -1503350
   -2138378
   -2715030
   -3202578
   -3539952
   -3756828
   -3821328
   -3639939
   -3518048
   -3150888
   -2662528
   -2084697
   -1417849
    -692714
      60134
     780494
    1498650
    2125101
    2690280
    3165160
    3490344
    3696812
    3754926
    3665154
    3456916
    3100552
    2625216
    2060340
    1404924
     688413
     -59946
    -780494
   -1503350
   -2138378
   -2715030
   -3202578
   -3539952
   -3756828
   -3821328
   -3827391
   -3698080
   -3312296
   -2796464
   -2185437
   -1481957
    -721188
      62286
     803478
    1531750
    2154211
    2702160
    3147140
    3433014
    3594140
    3606750
    3476718
    3238140
    2867800
    2398352
    1860102
    1254336
     608465
     -52522
    -678886
   -1300550
   -1843444
   -2337570
   -2760346
   -3061890
   -3269012
   -3353868
   -3407223
   -3344280
   -3040440
   -2610960
   -2079453
   -1439563
    -716358
      63354
     837850
    1639050
    2367069
    3050280
    3650004
    4090320
    4396916
    4526550
    4471296
    4260796
    3853512
    3283280
    2587500
    1767482
     865513
     -75126
    -972270
   -1856250
   -2608966
   -3262950
   -3778370
   -4085406
   -4224556
   -4170348
   -4030341
   -3746800
   -3216200
   -2587728
   -1914681
   -1219979
    -552920
      44002
     516178
     880150
    1083673
    1155960
    1097736
     914472
     648892
     330498
          0
    -304268
    -544232
    -687808
    -714564
    -603668
    -351049
      35206
     516178
    1100050
    1706840
    2336130
    2941394
    3440502
    3834700
    4069800
    4030341
    3839368
    3543176
    3072784
    2459505
    1703985
     845158
     -74250
    -972270
   -1878150
   -2671801
   -3384540
   -3975000
   -4365270
   -4594572
   -4628106
   -4471296
   -4167300
   -3687736
   -3076480
   -2375946
   -1592924
    -766797
      65562
     837850
    1583850
    2211366
    2756610
    3194522
    3471390
    3625140
    3632580
    3407223
    3087688
    2741752
    2302960
    1796829
    1220731
     597172
     -52022
    -678886
   -1313050
   -1878305
   -2401920
   -2857548
   -3188718
   -3419300
   -3517290
   -3476718
   -3320500
   -3014440
   -2582096
   -2048610
   -1411128
    -697843
      61270
     803478
    1557150
    2226276
    2837790
    3357338
    3718026
    3949276
    4016880
    3827391
    3518048
    3150888
    2662528
    2084697
    1417849
     692714
     -60134
    -780494
   -1498650
   -2125101
   -2690280
   -3165160
   -3490344
   -3696812
   -3754926
   -3665154
   -3456916
   -3100552
   -2625216
   -2060340
   -1404924
    -688413
      59946
     780494
    1503350
    2138378
    2715030
    3202578
    3539952
    3756828
    3821328
    3639939
    3518048
    3150888
    2662528
    2084697
    1417849
     692714
     -60134
    -780494
   -1498650
   -2125101
   -2690280
   -3165160
   -3490344
   -3696812
   -3754926
   -3665154
   -3456916
   -3100552
   -2625216
   -2060340
   -1404924
    -688413
      59946
     780494
    1503350
    2138378
    2715030
    3202578
    3539952
    3756828
    3821328
    3639939
    3518048
    3150888
    2662528
    2084697
    1417849
     692714
     -60134
    -780494
   -1498650
   -2125101
   -2690280
   -3165160
   -3490344
   -3696812
   -3754926
   -3665154
   -3456916
   -3100552
   -2625216
   -2060340
   -1404924
    -688413
      59946
     780494
    1503350
    2138378
    2715030
    3202578
    3539952
    3756828
    3821328
    3639939
    3518048
    3150888
    2662528
    2084697
    1417849
     692714
     -60134
    -780494
   -1498650
   -2125101
   -2690280
   -3165160
   -3490344
   -3696812
   -3754926
   -3665154
   -3456916
   -3100552
   -2625216
   -2060340
   -1404924
    -688413
      59946
     780494
    1503350
    2138378
    2715030
    3202578
    3539952
    3756828
    3821328
    3639939
    3518048
    3150888
    2662528
    2084697
    1417849
     692714
     -60134
    -780494
   -1498650
   -2125101
   -2690280
   -3165160
   -3490344
   -3696812
   -3754926
   -3665154
   -3456916
   -3100552
   -2625216
   -2060340
   -1404924
    -688413
      59946
     780494
    1503350
    2138378
    2715030
    3202578
    3539952
    3756828
    3821328
    3639939
    3518048
    3150888
    2662528
    2084697
    1417849
     692714
     -60134
    -780494
   -1498650
   -2125101
   -2690280
   -3165160
   -3490344
   -3696812
   -3754926
   -3665154
   -3456916
   -3100552
   -2625216
   -2060340
   -1404924
    -688413
      59946
     780494
    1503350
    2138378
    2715030
    3202578
    3539952
    3756828
    3821328
    3639939
    3518048
    3150888
    2662528
    2084697
    1417849
     692714
     -60134
    -780494
   -1498650
   -2125101
   -2690280
   -3165160
   -3490344
   -3696812
   -3754926
   -3665154
   -3456916
   -3100552
   -2625216
   -2060340
   -1404924
    -688413
      59946
     780494
    1503350
    2138378
    2715030
    3202578
    3539952
    3756828
    3821328
    3639939
    3518048
    3150888
    2662528
    2084697
    1417849
     692714
     -60134
    -780494
   -1498650
   -2125101
   -2690280
   -3165160
   -3490344
   -3696812
   -3754926
   -3665154
   -3456916
   -3100552
   -2625216
   -2060340
   -1404924
    -688413
      59946
     780494
    1503350
    2138378
    2715030
    3202578
    3539952
    3756828
    3821328
    3639939
    3518048
    3150888
    2662528
    2084697
    1417849
     692714
     -60134
    -780494
   -1498650
   -2125101
   -2690280
   -3165160
   -3490344
   -3696812
   -3754926
   -3665154
   -3456916
   -3100552
   -2625216
   -2060340
   -1404924
    -688413
      59946
     780494
    1503350
    2138378
    2715030
    3202578
    3539952
    3756828
    3821328
    3639939
    3518048
    3150888
    2662528
    2084697
    1417849
     692714
     -60134
    -780494
   -1498650
   -2125101
   -2690280
   -3165160
   -3490344
   -3696812
   -3754926
   -3665154
   -3456916
   -3100552
   -2625216
   -2060340
   -1404924
    -688413
      59946
     780494
    1503350
    2138378
    2715030
    3202578
    3539952
    3756828
    3821328
    3639939
    3518048
    3150888
    2662528
    2084697
    1417849
     692714
     -60134
    -780494
   -1498650
   -2125101
   -2690280
   -3165160
   -3490344
   -3696812
   -3754926
   -3665154
   -3456916
   -3100552
   -2625216
   -2060340
   -1404924
    -688413
      59946
     780494
    1503350
    2138378
    2715030
    3202578
    3539952
    3756828
    3821328
    3639939
    3518048
    3150888
    2662528
    2084697
    1417849
     692714
     -60134
    -780494
   -1498650
   -2125101
   -2690280
   -3165160
   -3490344
   -3696812
   -3754926
   -3665154
   -3456916
   -3100552
   -2625216
   -2060340
   -1404924
    -688413
      59946
     780494
    1503350
    2138378
    2715030
    3202578
    3539952
    3756828
    3821328
    3639939
    3518048
    3150888
    2662528
    2084697
    1417849
     692714
     -60134
    -780494
   -1498650
   -2125101
   -2690280
   -3165160
   -3490344
   -3696812
   -3754926
   -3665154
   -3456916
   -3100552
   -2625216
   -2060340
   -1404924
    -688413
      59946
     780494
    1503350
    2138378
    2715030
    3202578
    3539952
    3756828
    3821328
    3639939
    3518048
    3150888
    2662528
    2084697
    1417849
     692714
     -60134
    -780494
   -1498650
   -2125101
   -2690280
   -3165160
   -3490344
   -3696812
   -3754926
   -3665154
   -3456916
   -3100552
   -2625216
   -2060340
   -1404924
    -688413
      59946
     780494
    1503350
    2138378
    2715030
    3202578
    3539952
    3756828
    3821328
    3639939
    3518048
    3150888
    2662528
    2084697
    1417849
     692714
     -60134
    -780494
   -1498650
   -2125101
   -2690280
   -3165160
   -3490344
   -3696812
   -3754926
   -3665154
   -3456916
   -3100552
   -2625216
   -2060340
   -1404924
    -688413
      59946
     780494
    1503350
    2138378
    2715030
    3202578
    3539952
    3756828
    3821328
    3827391
    3698080
    3312296
    2796464
    2185437
    1481957
     721188
     -62286
    -803478
   -1531750
   -2154211
   -2702160
   -3147140
   -3433014
   -3594140
   -3606750
   -3476718
   -3238140
   -2867800
   -2398352
   -1860102
   -1254336
    -608465
      52522
     678886
    1300550
    1843444
    2337570
    2760346
    3061890
    3269012
    3353868
    3407223
    3344280
    3040440
    2610960
    2079453
    1439563
     716358
     -63354
    -837850
   -1639050
   -2367069
   -3050280
   -3650004
   -4090320
   -4396916
   -4526550
   -4471296
   -4260796
   -3853512
   -3283280
   -2587500
   -1767482
    -865513
      75126
     972270
    1856250
    2608966
    3262950
    3778370
    4085406
    4224556
    4170348
    4030341
    3746800
    3216200
    2587728
    1914681
    1219979
     552920
     -44002
    -516178
    -880150
   -1083673
   -1155960
   -1097736
    -914472
    -648892
    -330498
          0
     304268
     544232
     687808
     714564
     603668
     351049
     -35206
    -516178
   -1100050
   -1706840
   -2336130
   -2941394
   -3440502
   -3834700
   -4069800
   -4030341
   -3839368
   -3543176
   -3072784
   -2459505
   -1703985
    -845158
      74250
     972270
    1878150
    2671801
    3384540
    3975000
    4365270
    4594572
    4628106
    4471296
    4167300
    3687736
    3076480
    2375946
    1592924
     766797
     -65562
    -837850
   -1583850
   -2211366
   -2756610
   -3194522
   -3471390
   -3625140
   -3632580
   -3407223
   -3087688
   -2741752
   -2302960
   -1796829
   -1220731
    -597172
      52022
     678886
    1313050
    1878305
    2401920
    2857548
    3188718
    3419300
    3517290
    3476718
    3320500
    3014440
    2582096
    2048610
    1411128
     697843
     -61270
    -803478
   -1557150
   -2226276
   -2837790
   -3357338
   -3718026
   -3949276
   -4016880
   -3827391
   -3518048
   -3150888
   -2662528
   -2084697
   -1417849
    -692714
      60134
     780494
    1498650
    2125101
    2690280
    3165160
    3490344
    3696812
    3754926
    3665154
    3456916
    3100552
    2625216
    2060340
    1404924
     688413
     -59946
    -780494
   -1503350
   -2138378
   -2715030
   -3202578
   -3539952
   -3756828
   -3821328
   -3639939
   -3518048
   -3150888
   -2662528
   -2084697
   -1417849
    -692714
      60134
     780494
    1498650
    2125101
    2690280
    3165160
    3490344
    3696812
    3754926
    3665154
    3456916
    3100552
    2625216
    2060340
    1404924
     688413
     -59946
    -780494
   -1503350
   -2138378
   -2715030
   -3202578
   -3539952
   -3756828
   -3821328
   -3639939
   -3518048
   -3150888
   -2662528
   -2084697
   -1417849
    -692714
      60134
     780494
    1498650
    2125101
    2690280
    3165160
    3490344
    3696812
    3754926
    3665154
    3456916
    3100552
    2625216
    2060340
    1404924
     688413
     -59946
    -780494
   -1503350
   -2138378
   -2715030
   -3202578
   -3539952
   -3756828
   -3821328
   -3639939
   -3518048
   -3150888
   -2662528
   -2084697
   -1417849
    -692714
      60134
     780494
    1498650
    2125101
    2690280
    3165160
    3490344
    3696812
    3754926
    3665154
    3456916
    3100552
    2625216
    2060340
    1404924
     688413
     -59946
    -780494
   -1503350
   -2138378
   -2715030
   -3202578
   -3539952
   -3756828
   -3821328
   -3639939
   -3518048
   -3150888
   -2662528
   -2084697
   -1417849
    -692714
      60134
     780494
    1498650
    2125101
    2690280
    3165160
    3490344
    3696812
    3754926
    3665154
    3456916
    3100552
    2625216
    2060340
    1404924
     688413
     -59946
    -780494
   -1503350
   -2138378
   -2715030
   -3202578
   -3539952
   -3756828
   -3821328
   -3639939
   -3518048
   -3150888
   -2662528
   -2084697
   -1417849
    -692714
      60134
     780494
    1498650
    2125101
    2690280
    3165160
    3490344
    3696812
    3754926
    3665154
    3456916
    3100552
    2625216
    2060340
    1404924
     688413
     -59946
    -780494
   -1503350
   -2138378
   -2715030
   -3202578
   -3539952
   -3756828
   -3821328
   -3639939
   -3518048
   -3150888
   -2662528
   -2084697
   -1417849
    -692714
      60134
     780494
    1498650
    2125101
    2690280
    3165160
    3490344
    3696812
    3754926
    3665154
    3456916
    3100552
    2625216
    2060340
    1404924
     688413
     -59946
    -780494
   -1503350
   -2138378
   -2715030
   -3202578
   -3539952
   -3756828
   -3821328
   -3639939
   -3518048
   -3150888
   -2662528
   -2084697
   -1417849
    -692714
      60134
     780494
    1498650
    2125101
    2690280
    3165160
    3490344
    3696812
    3754926
    3665154
    3456916
    3100552
    2625216
    2060340
    1404924
     688413
     -59946
    -780494
   -1503350
   -2138378
   -2715030
   -3202578
   -3539952
   -3756828
   -3821328
   -3639939
   -3518048
   -3150888
   -2662528
   -2084697
   -1417849
    -692714
      60134
     780494
    1498650
    2125101
    2690280
    3165160
    3490344
    3696812
    3754926
    3665154
    3456916
    3100552
    2625216
    2060340
    1404924
     688413
     -59946
    -780494
   -1503350
   -2138378
   -2715030
   -3202578
   -3539952
   -3756828
   -3821328
   -3639939
   -3518048
   -3150888
   -2662528
   -2084697
   -1417849
    -692714
      60134
     780494
    1498650
    2125101
    2690280
    3165160
    3490344
    3696812
    3754926
    3665154
    3456916
    3100552
    2625216
    2060340
    1404924
     688413
     -59946
    -780494
   -1503350
   -2138378
   -2715030
   -3202578
   -3539952
   -3756828
   -3821328
   -3639939
   -3518048
   -3150888
   -2662528
   -2084697
   -1417849
    -692714
      60134
     780494
    1498650
    2125101
    2690280
    3165160
    3490344
    3696812
    3754926
    3665154
    3456916
    3100552
    2625216
    2060340
    1404924
     688413
     -59946
    -780494
   -1503350
   -2138378
   -2715030
   -3202578
   -3539952
   -3756828
   -3821328
   -3639939
   -3518048
   -3150888
   -2662528
   -2084697
   -1417849
    -692714
      60134
     780494
    1498650
    2125101
    2690280
    3165160
    3490344
    3696812
    3754926
    3665154
    3456916
    3100552
    2625216
    2060340
    1404924
     688413
     -59946
    -780494
   -1503350
   -2138378
   -2715030
   -3202578
   -3539952
   -3756828
   -3821328
   -3639939
   -3518048
   -3150888
   -2662528
   -2084697
   -1417849
    -692714
      60134
     780494
    1498650
    2125101
    2690280
    3165160
    3490344
    3696812
    3754926
    3665154
    3456916
    3100552
    2625216
    2060340
    1404924
     688413
     -59946
    -780494
   -1503350
   -2138378
   -2715030
   -3202578
   -3539952
   -3756828
   -3821328
   -3639939
   -3518048
   -3150888
   -2662528
   -2084697
   -1417849
    -692714
      60134
     780494
    1498650
    2125101
    2690280
    3165160
    3490344
    3696812
    3754926
    3665154
    3456916
    3100552
    2625216
    2060340
    1404924
     688413
     -59946
    -780494
   -1503350
   -2138378
   -2715030
   -3202578
   -3539952
   -3756828
   -3821328
   -3639939
   -3518048
   -3150888
   -2662528
   -2084697
   -1417849
    -692714
      60134
     780494
    1498650
    2125101
    2690280
    3165160
    3490344
    3696812
    3754926
    3665154
    3456916
    3100552
    2625216
    2060340
    1404924
     688413
     -59946
    -780494
   -1503350
   -2138378
   -2715030
   -3202578
   -3539952
   -3756828
   -3821328
   -3827391
   -3698080
   -3312296
   -2796464
   -2185437
   -1481957
    -721188
      62286
     803478
    1531750
    2154211
    2702160
    3147140
    3433014
    3594140
    3606750
    3476718
    3238140
    2867800
    2398352
    1860102
    1254336
     608465
     -52522
    -678886
   -1300550
   -1843444
   -2337570
   -2760346
   -3061890
   -3269012
   -3353868
   -3407223
   -3344280
   -3040440
   -2610960
   -2079453
   -1439563
    -716358
      63354
     837850
    1639050
    2367069
    3050280
    3650004
    4090320
    4396916
    4526550
    4471296
    4260796
    3853512
    3283280
    2587500
    1767482
     865513
     -75126
    -972270
   -1856250
   -2608966
   -3262950
   -3778370
   -4085406
   -4224556
   -4170348
   -4030341
   -3746800
   -3216200
   -2587728
   -1914681
   -1219979
    -552920
      44002
     516178
     880150
    1083673
    1155960
    1097736
     914472
     648892
     330498
          0
    -304268
    -544232
    -687808
    -714564
    -603668
    -351049
      35206
     516178
    1100050
    1706840
    2336130
    2941394
    3440502
    3834700
    4069800
    4030341
    3839368
    3543176
    3072784
    2459505
    1703985
     845158
     -74250
    -972270
   -1878150
   -2671801
   -3384540
   -3975000
   -4365270
   -4594572
   -4628106
   -4471296
   -4167300
   -3687736
   -3076480
   -2375946
   -1592924
    -766797
      65562
     837850
    1583850
    2211366
    2756610
    3194522
    3471390
    3625140
    3632580
    3407223
    3087688
    2741752
    2302960
    1796829
    1220731
     597172
     -52022
    -678886
   -1313050
   -1878305
   -2401920
   -2857548
   -3188718
   -3419300
   -3517290
   -3476718
   -3320500
   -3014440
   -2582096
   -2048610
   -1411128
    -697843
      61270
     803478
    1557150
    2226276
    2837790
    3357338
    3718026
    3949276
    4016880
    3827391
    3518048
    3150888
    2662528
    2084697
    1417849
     692714
     -60134
    -780494
   -1498650
   -2125101
   -2690280
   -3165160
   -3490344
   -3696812
   -3754926
   -3665154
   -3456916
   -3100552
   -2625216
   -2060340
   -1404924
    -688413
      59946
     780494
    1503350
    2138378
    2715030
    3202578
    3539952
    3756828
    3821328
    3639939
    3518048
    3150888
    2662528
    2084697
    1417849
     692714
     -60134
    -780494
   -1498650
   -2125101
   -2690280
   -3165160
   -3490344
   -3696812
   -3754926
   -3665154
   -3456916
   -3100552
   -2625216
   -2060340
   -1404924
    -688413
      59946
     780494
    1503350
    2138378
    2715030
    3202578
    3539952
    3756828
    3821328
    3639939
    3518048
    3150888
    2662528
    2084697
    1417849
     692714
     -60134
    -780494
   -1498650
   -2125101
   -2690280
   -3165160
   -3490344
   -3696812
   -3754926
   -3665154
   -3456916
   -3100552
   -2625216
   -2060340
   -1404924
    -688413
      59946
     780494
    1503350
    2138378
    2715030
    3202578
    3539952
    3756828
    3821328
    3639939
    3518048
    3150888
    2662528
    2084697
    1417849
     692714
     -60134
    -780494
   -1498650
   -2125101
   -2690280
   -3165160
   -3490344
   -3696812
   -3754926
   -3665154
   -3456916
   -3100552
   -2625216
   -2060340
   -1404924
    -688413
      59946
     780494
    1503350
    2138378
    2715030
    3202578
    3539952
    3756828
    3821328
    3639939
    3518048
    3150888
    2662528
    2084697
    1417849
     692714
     -60134
    -780494
   -1498650
   -2125101
   -2690280
   -3165160
   -3490344
   -3696812
   -3754926
   -3665154
   -3456916
   -3100552
   -2625216
   -2060340
   -1404924
    -688413
      59946
     780494
    1503350
    2138378
    2715030
    3202578
    3539952
    3756828
    3821328
    3639939
    3518048
    3150888
    2662528
    2084697
    1417849
     692714
     -60134
    -780494
   -1498650
   -2125101
   -2690280
   -3165160
   -3490344
   -3696812
   -3754926
   -3665154
   -3456916
   -3100552
   -2625216
   -2060340
   -1404924
    -688413
      59946
     780494
    1503350
    2138378
    2715030
    3202578
    3539952
    3756828
    3821328
    3639939
    3518048
    3150888
    2662528
    2084697
    1417849
     692714
     -60134
    -780494
   -1498650
   -2125101
   -2690280
   -3165160
   -3490344
   -3696812
   -3754926
   -3665154
   -3456916
   -3100552
   -2625216
   -2060340
   -1404924
    -688413
      59946
     780494
    1503350
    2138378
    2715030
    3202578
    3539952
    3756828
    3821328
    3639939
    3518048
    3150888
    2662528
    2084697
    1417849
     692714
     -60134
    -780494
   -1498650
   -2125101
   -2690280
   -3165160
   -3490344
   -3696812
   -3754926
   -3665154
   -3456916
   -3100552
   -2625216
   -2060340
   -1404924
    -688413
      59946
     780494
    1503350
    2138378
    2715030
    3202578
    3539952
    3756828
    3821328
    3639939
    3518048
    3150888
    2662528
    2084697
    1417849
     692714
     -60134
    -780494
   -1498650
   -2125101
   -2690280
   -3165160
   -3490344
   -3696812
   -3754926
   -3665154
   -3456916
   -3100552
   -2625216
   -2060340
   -1404924
    -688413
      59946
     780494
    1503350
    2138378
    2715030
    3202578
    3539952
    3756828
    3821328
    3639939
    3518048
    3150888
    2662528
    2084697
    1417849
     692714
     -60134
    -780494
   -1498650
   -2125101
   -2690280
   -3165160
   -3490344
   -3696812
   -3754926
   -3665154
   -3456916
   -3100552
   -2625216
   -2060340
   -1404924
    -688413
      59946
     780494
    1503350
    2138378
    2715030
    3202578
    3539952
    3756828
    3821328
    3639939
    3518048
    3150888
    2662528
    2084697
    1417849
     692714
     -60134
    -780494
   -1498650
   -2125101
   -2690280
   -3165160
   -3490344
   -3696812
   -3754926
   -3665154
   -3456916
   -3100552
   -2625216
   -2060340
   -1404924
    -688413
      59946
     780494
    1503350
    2138378
    2715030
    3202578
    3539952
    3756828
    3821328
    3639939
    3518048
    3150888
    2662528
    2084697
    1417849
     692714
     -60134
    -780494
   -1498650
   -2125101
   -2690280
   -3165160
   -3490344
   -3696812
   -3754926
   -3665154
   -3456916
   -3100552
   -2625216
   -2060340
   -1404924
    -688413
      59946
     780494
    1503350
    2138378
    2715030
    3202578
    3539952
    3756828
    3821328
    3639939
    3518048
    3150888
    2662528
    2084697
    1417849
     692714
     -60134
    -780494
   -1498650
   -2125101
   -2690280
   -3165160
   -3490344
   -3696812
   -3754926
   -3665154
   -3456916
   -3100552
   -2625216
   -2060340
   -1404924
    -688413
      59946
     780494
    1503350
    2138378
    2715030
    3202578
    3539952
    3756828
    3821328
    3639939
    3518048
    3150888
    2662528
    2084697
    1417849
     692714
     -60134
    -780494
   -1498650
   -2125101
   -2690280
   -3165160
   -3490344
   -3696812
   -3754926
   -3665154
   -3456916
   -3100552
   -2625216
   -2060340
   -1404924
    -688413
      59946
     780494
    1503350
    2138378
    2715030
    3202578
    3539952
    3756828
    3821328
    3639939
    3518048
    3150888
    2662528
    2084697
    1417849
     692714
     -60134
    -780494
   -1498650
   -2125101
   -2690280
   -3165160
   -3490344
   -3696812
   -3754926
   -3665154
   -3456916
   -3100552
   -2625216
   -2060340
   -1404924
    -688413
      59946
     780494
    1503350
    2138378
    2715030
    3202578
    3539952
    3756828
    3821328
    3827391
    3698080
    3312296
    2796464
    2185437
    1481957
     721188
     -62286
    -803478
   -1531750
   -2154211
   -2702160
   -3147140
   -3433014
   -3594140
   -3606750
   -3476718
   -3238140
   -2867800
   -2398352
   -1860102
   -1254336
    -608465
      52522
     678886
    1300550
    1843444
    2337570
    2760346
    3061890
    3269012
    3353868
    3407223
    3344280
    3040440
    2610960
    2079453
    1439563
     716358
     -63354
    -837850
   -1639050
   -2367069
   -3050280
   -3650004
   -4090320
   -4396916
   -4526550
   -4471296
   -4260796
   -3853512
   -3283280
   -2587500
   -1767482
    -865513
      75126
     972270
    1856250
    2608966
    3262950
    3778370
    4085406
    4224556
    4170348
    3842889
    3566768
    3054792
    2453792
    1813941
    1155871
     524446
     -41850
    -493194
    -847050
   -1054563
   -1144080
   -1115756
    -971802
    -751564
    -478674
    -188436
      85492
     311480
     460944
     514326
     453080
     271101
     -27782
    -414570
    -897250
   -1411906
   -1958670
   -2499162
   -2962440
   -3346884
   -3602340
   -3610173
   -3485568
   -3271320
   -2887280
   -2353521
   -1661591
    -840328
      75318
    1006642
    1985450
    2884659
    3732660
    4477864
    5022576
    5397348
    5547906
    5465874
    5189956
    4673448
    3961408
    3103344
    2106070
    1023845
     -88166
   -1131234
   -2139550
   -2976888
   -3681990
   -4212546
   -4494906
   -4580684
   -4449060
   -4217793
   -3670240
   -3078920
   -2413664
   -1732797
   -1065255
    -462208
      34822
     380198
     587250
     624019
     519480
     287260
     -44460
    -431396
    -826938
   -1183014
   -1463340
   -1616056
   -1615856
   -1453692
   -1110610
    -598667
      56486
     786578
    1601950
    2384464
    3138750
    3804658
    4285944
    4597796
    4690728
    4466007
    4241888
    3718936
    3049552
    2294733
    1484401
     681720
     -54898
    -650598
   -1119250
   -1388405
   -1490220
   -1422732
   -1189422
    -846548
    -432054
          0
     397764
     710008
     894608
     926118
     778226
     449765
     -44770
    -650598
   -1372450
   -2104440
   -2842470
   -3525242
   -4054518
   -4434116
   -4607568
   -4466007
   -4318448
   -3856216
   -3223616
   -2476617
   -1639125
    -772432
      64078
     786578
    1412150
    1848059
    2126700
    2233208
    2148354
    1926836
    1589490
    1183014
     761308
     361816
      33440
    -186990
    -271284
    -202147
      23490
     380198
     870550
    1426816
    2039850
    2661978
    3209076
    3671020
    3986640
    4217793
    4095960
    3841864
    3380784
    2742129
    1922817
     964344
     -85582
   -1131234
   -2204150
   -3160565
   -4032900
   -4767456
   -5266872
   -5572188
   -5637366
   -5465874
   -5107596
   -4526808
   -3777664
   -2914836
   -1949278
    -934467
      79418
    1006642
    1882950
    2594056
    3181770
    3615554
    3838770
    3900420
    3786048
    3422721
    3136408
    2645656
    2094224
    1526073
     958753
     428904
     -33738
    -391586
    -661450
    -807767
    -855720
    -808144
    -670176
    -474052
    -241038
          0
     221908
     397592
     504064
     526056
     446876
     261671
     -26458
    -391586
    -843450
   -1324008
   -1835910
   -2344402
   -2784366
   -3154436
   -3406788
   -3422721
   -3485568
   -3271320
   -2887280
   -2353521
   -1661591
    -840328
      75318
    1006642
    1985450
    2884659
    3732660
    4477864
    5022576
    5397348
    5547906
    5465874
    5189956
    4673448
    3961408
    3103344
    2106070
    1023845
     -88166
   -1131234
   -2139550
   -2976888
   -3681990
   -4212546
   -4494906
   -4580684
   -4449060
   -4217793
   -3670240
   -3078920
   -2413664
   -1732797
   -1065255
    -462208
      34822
     380198
     587250
     624019
     519480
     287260
     -44460
    -431396
    -826938
   -1183014
   -1463340
   -1616056
   -1615856
   -1453692
   -1110610
    -598667
      56486
     786578
    1601950
    2384464
    3138750
    3804658
    4285944
    4597796
    4690728
    4653459
    4421920
    3880344
    3183488
    2395473
    1548509
     710194
     -57050
    -673582
   -1152350
   -1417515
   -1502100
   -1404712
   -1132092
    -743876
    -283878
     188436
     616540
     942760
    1121472
    1126356
     928814
     529713
     -52194
    -752206
   -1575250
   -2399374
   -3219930
   -3967474
   -4532580
   -4921932
   -5075028
   -4886175
   -4672248
   -4128072
   -3409120
   -2582601
   -1681519
    -777262
      63010
     752206
    1304850
    1635201
    1778580
    1730344
    1491048
    1124060
     669690
     188436
    -261348
    -623896
    -851488
    -914388
    -784430
    -459195
      46094
     673582
    1426250
    2192338
    2965230
    3680002
    4232592
    4626564
    4803120
    4653459
    4318448
    3856216
    3223616
    2476617
    1639125
     772432
     -64078
    -786578
   -1412150
   -1848059
   -2126700
   -2233208
   -2148354
   -1926836
   -1589490
   -1183014
    -761308
    -361816
     -33440
     186990
     271284
     202147
     -23490
    -380198
    -870550
   -1426816
   -2039850
   -2661978
   -3209076
   -3671020
   -3986640
   -4217793
   -4095960
   -3841864
   -3380784
   -2742129
   -1922817
    -964344
      85582
    1131234
    2204150
    3160565
    4032900
    4767456
    5266872
    5572188
    5637366
    5465874
    5107596
    4526808
    3777664
    2914836
    1949278
     934467
     -79418
   -1006642
   -1882950
   -2594056
   -3181770
   -3615554
   -3838770
   -3900420
   -3786048
   -3610173
   -3316440
   -2807064
   -2228160
   -1626813
   -1022861
    -457378
      35890
     414570
     694550
     836877
     867600
     790124
     612846
     371380
      92862
    -188436
    -440684
    -630344
    -730928
    -726294
    -597464
    -341619
      33882
     493194
    1046250
    1618942
    2213370
    2786634
    3262428
    3642252
    3874248
    4030341
    4019400
    3704584
    3206720
    2560245
    1768093
     873632
     -76402
    -995254
   -1911250
   -2700911
   -3396420
   -3956980
   -4307940
   -4491900
   -4479930
   -4282860
   -3948524
   -3454984
   -2849616
   -2175708
   -1442336
    -686849
      58138
     736242
    1381050
    1916432
    2379150
    2752290
    2993328
    3137324
    3165120
    3174507
    2913920
    2631304
    2251392
    1791585
    1242445
     620816
     -55242
    -736242
   -1453450
   -2120273
   -2761920
   -3342392
   -3788694
   -4119404
   -4288914
   -4282860
   -4124380
   -3767400
   -3240160
   -2575770
   -1773686
    -874943
      76450
     995254
    1910050
    2696864
    3385710
    3933130
    4263480
    4417004
    4365900
    4217793
    3746800
    3216200
    2587728
    1914681
    1219979
     552920
     -44002
    -516178
    -880150
   -1083673
   -1155960
   -1097736
    -914472
    -648892
    -330498
          0
     304268
     544232
     687808
     714564
     603668
     351049
     -35206
    -516178
   -1100050
   -1706840
   -2336130
   -2941394
   -3440502
   -3834700
   -4069800
   -4030341
   -3839368
   -3543176
   -3072784
   -2459505
   -1703985
    -845158
      74250
     972270
    1878150
    2671801
    3384540
    3975000
    4365270
    4594572
    4628106
    4471296
    4167300
    3687736
    3076480
    2375946
    1592924
     766797
     -65562
    -837850
   -1583850
   -2211366
   -2756610
   -3194522
   -3471390
   -3625140
   -3632580
   -3407223
   -3087688
   -2741752
   -2302960
   -1796829
   -1220731
    -597172
      52022
     678886
    1313050
    1878305
    2401920
    2857548
    3188718
    3419300
    3517290
    3476718
    3320500
    3014440
    2582096
    2048610
    1411128
     697843
     -61270
    -803478
   -1557150
   -2226276
   -2837790
   -3357338
   -3718026
   -3949276
   -4016880
   -4014843
   -3698080
   -3312296
   -2796464
   -2185437
   -1481957
    -721188
      62286
     803478
    1531750
    2154211
    2702160
    3147140
    3433014
    3594140
    3606750
    3476718
    3238140
    2867800
    2398352
    1860102
    1254336
     608465
     -52522
    -678886
   -1300550
   -1843444
   -2337570
   -2760346
   -3061890
   -3269012
   -3353868
   -3219771
   -3164248
   -2879032
   -2477024
   -1978713
   -1375455
    -687884
      61202
     814866
    1605950
    2337959
    3038400
    3668024
    4147650
    4499588
    4674726
    4659732
    4479572
    4086264
    3510144
    2787738
    1918070
     945461
     -82550
   -1073878
   -2059050
   -2903900
   -3640410
   -4220602
   -4563468
   -4712372
   -4637808
   -4263057
   -3920568
   -3326648
   -2639296
   -1919925
   -1198265
    -529276
      40782
     458822
     739750
     841705
     795960
     612892
     314496
     -51212
    -441126
    -806142
   -1108148
   -1297192
   -1345872
   -1241724
    -966226
    -528149
      50386
     707954
    1452950
    2177428
    2884050
    3517186
    3985956
    4302428
    4418820
    4233291
    3888088
    3447080
    2864048
    2188749
    1442007
     676890
     -55966
    -684970
   -1226550
   -1601263
   -1838340
   -1925596
   -1846728
   -1649324
   -1351854
    -994578
    -624892
    -275704
       9680
     198720
     265080
     192717
     -22166
    -357214
    -816750
   -1338918
   -1917090
   -2507218
   -3031002
   -3478572
   -3791088
   -4030341
   -4095960
   -3841864
   -3380784
   -2742129
   -1922817
    -964344
      85582
    1131234
    2204150
    3160565
    4032900
    4767456
    5266872
    5572188
    5637366
    5465874
    5107596
    4526808
    3777664
    2914836
    1949278
     934467
     -79418
   -1006642
   -1882950
   -2594056
   -3181770
   -3615554
   -3838770
   -3900420
   -3786048
   -3422721
   -3136408
   -2645656
   -2094224
   -1526073
    -958753
    -428904
      33738
     391586
     661450
     807767
     855720
     808144
     670176
     474052
     241038
          0
    -221908
    -397592
    -504064
    -526056
    -446876
    -261671
      26458
     391586
     843450
    1324008
    1835910
    2344402
    2784366
    3154436
    3406788
    3610173
    3665600
    3432728
    3021216
    2454261
    1725699
     868802
     -77470
   -1029626
   -2018550
   -2913769
   -3744540
   -4459844
   -4965246
   -5294676
   -5399730
   -5277438
   -4971180
   -4440696
   -3734544
   -2903106
   -1955482
    -943897
      80742
    1029626
    1936750
    2681954
    3304530
    3770314
    4016844
    4092868
    3981600
    3797625
    3316440
    2807064
    2228160
    1626813
    1022861
     457378
     -35890
    -414570
    -694550
    -836877
    -867600
    -790124
    -612846
    -371380
     -92862
     188436
     440684
     630344
     730928
     726294
     597464
     341619
     -33882
    -493194
   -1046250
   -1618942
   -2213370
   -2786634
   -3262428
   -3642252
   -3874248
   -3842889
   -3839368
   -3543176
   -3072784
   -2459505
   -1703985
    -845158
      74250
     972270
    1878150
    2671801
    3384540
    3975000
    4365270
    4594572
    4628106
    4471296
    4167300
    3687736
    3076480
    2375946
    1592924
     766797
     -65562
    -837850
   -1583850
   -2211366
   -2756610
   -3194522
   -3471390
   -3625140
   -3632580
   -3594675
   -3267720
   -2903160
   -2436896
   -1897569
   -1284839
    -625646
      54174
     701870
    1346150
    1907415
    2413800
    2839528
    3131388
    3316628
    3369114
    3288282
    3101724
    2781688
    2355232
    1848372
    1260540
     617895
     -53846
    -701870
   -1354350
   -1931342
   -2460330
   -2915106
   -3239964
   -3461460
   -3549420
   -3594675
   -3344280
   -3040440
   -2610960
   -2079453
   -1439563
    -716358
      63354
     837850
    1639050
    2367069
    3050280
    3650004
    4090320
    4396916
    4526550
    4471296
    4260796
    3853512
    3283280
    2587500
    1767482
     865513
     -75126
    -972270
   -1856250
   -2608966
   -3262950
   -3778370
   -4085406
   -4224556
   -4170348
   -4030341
   -3746800
   -3216200
   -2587728
   -1914681
   -1219979
    -552920
      44002
     516178
     880150
    1083673
    1155960
    1097736
     914472
     648892
     330498
          0
    -304268
    -544232
    -687808
    -714564
    -603668
    -351049
      35206
     516178
    1100050
    1706840
    2336130
    2941394
    3440502
    3834700
    4069800
    4217793
    4019400
    3704584
    3206720
    2560245
    1768093
     873632
     -76402
    -995254
   -1911250
   -2700911
   -3396420
   -3956980
   -4307940
   -4491900
   -4479930
   -4282860
   -3948524
   -3454984
   -2849616
   -2175708
   -1442336
    -686849
      58138
     736242
    1381050
    1916432
    2379150
    2752290
    2993328
    3137324
    3165120
    3174507
    2913920
    2631304
    2251392
    1791585
    1242445
     620816
     -55242
    -736242
   -1453450
   -2120273
   -2761920
   -3342392
   -3788694
   -4119404
   -4288914
   -4282860
   -4124380
   -3767400
   -3240160
   -2575770
   -1773686
    -874943
      76450
     995254
    1910050
    2696864
    3385710
    3933130
    4263480
    4417004
    4365900
    4217793
    3746800
    3216200
    2587728
    1914681
    1219979
     552920
     -44002
    -516178
    -880150
   -1083673
   -1155960
   -1097736
    -914472
    -648892
    -330498
          0
     304268
     544232
     687808
     714564
     603668
     351049
     -35206
    -516178
   -1100050
   -1706840
   -2336130
   -2941394
   -3440502
   -3834700
   -4069800
   -4217793
   -4019400
   -3704584
   -3206720
   -2560245
   -1768093
    -873632
      76402
     995254
    1911250
    2700911
    3396420
    3956980
    4307940
    4491900
    4479930
    4282860
    3948524
    3454984
    2849616
    2175708
    1442336
     686849
     -58138
    -736242
   -1381050
   -1916432
   -2379150
   -2752290
   -2993328
   -3137324
   -3165120
   -2987055
   -2733888
   -2469896
   -2117456
   -1690845
   -1178337
    -592342
      53090
     713258
    1420350
    2091163
    2750040
    3360412
    3846024
    4222076
    4437090
    4471296
    4343156
    4000152
    3467024
    2776008
    1924274
     954891
     -83874
   -1096862
   -2112850
   -2991798
   -3763170
   -4375362
   -4741542
   -4904820
   -4833360
   -4637961
   -4100600
   -3488056
   -2773232
   -2020665
   -1262373
    -557750
      42934
     481806
     772850
     870815
     807840
     594872
     257166
    -153884
    -589302
    -994578
   -1326924
   -1529944
   -1572736
   -1441962
   -1116814
    -608097
      57810
     809562
    1655750
    2472362
    3261510
    3959418
    4464018
    4790244
    4886280
    4653459
    4241888
    3718936
    3049552
    2294733
    1484401
     681720
     -54898
    -650598
   -1119250
   -1388405
   -1490220
   -1422732
   -1189422
    -846548
    -432054
          0
     397764
     710008
     894608
     926118
     778226
     449765
     -44770
    -650598
   -1372450
   -2104440
   -2842470
   -3525242
   -4054518
   -4434116
   -4607568
   -4466007
   -4318448
   -3856216
   -3223616
   -2476617
   -1639125
    -772432
      64078
     786578
    1412150
    1848059
    2126700
    2233208
    2148354
    1926836
    1589490
    1183014
     761308
     361816
      33440
    -186990
    -271284
    -202147
      23490
     380198
     870550
    1426816
    2039850
    2661978
    3209076
    3671020
    3986640
    4030341
    3915928
    3680456
    3246848
    2641389
    1858709
     935870
     -83430
   -1108250
   -2171050
   -3131455
   -4021020
   -4785476
   -5324202
   -5674860
   -5785542
   -5654310
   -5326372
   -4759560
   -4004528
   -3115074
   -2099866
   -1014415
      86842
    1108250
    2085750
    2888990
    3559230
    4057786
    4316832
    4388236
    4253508
    4030341
    3670240
    3078920
    2413664
    1732797
    1065255
     462208
     -34822
    -380198
    -587250
    -624019
    -519480
    -287260
      44460
     431396
     826938
    1183014
    1463340
    1616056
    1615856
    1453692
    1110610
     598667
     -56486
    -786578
   -1601950
   -2384464
   -3138750
   -3804658
   -4285944
   -4597796
   -4690728
   -4466007
   -4241888
   -3718936
   -3049552
   -2294733
   -1484401
    -681720
      54898
     650598
    1119250
    1388405
    1490220
    1422732
    1189422
     846548
     432054
          0
    -397764
    -710008
    -894608
    -926118
    -778226
    -449765
      44770
     650598
    1372450
    2104440
    2842470
    3525242
    4054518
    4434116
    4607568
    4466007
    4318448
    3856216
    3223616
    2476617
    1639125
     772432
     -64078
    -786578
   -1412150
   -1848059
   -2126700
   -2233208
   -2148354
   -1926836
   -1589490
   -1183014
    -761308
    -361816
     -33440
     186990
     271284
     202147
     -23490
    -380198
    -870550
   -1426816
   -2039850
   -2661978
   -3209076
   -3671020
   -3986640
   -4217793
   -4095960
   -3841864
   -3380784
   -2742129
   -1922817
    -964344
      85582
    1131234
    2204150
    3160565
    4032900
    4767456
    5266872
    5572188
    5637366
    5465874
    5107596
    4526808
    3777664
    2914836
    1949278
     934467
     -79418
   -1006642
   -1882950
   -2594056
   -3181770
   -3615554
   -3838770
   -3900420
   -3786048
   -3610173
   -3316440
   -2807064
   -2228160
   -1626813
   -1022861
    -457378
      35890
     414570
     694550
     836877
     867600
     790124
     612846
     371380
      92862
    -188436
    -440684
    -630344
    -730928
    -726294
    -597464
    -341619
      33882
     493194
    1046250
    1618942
    2213370
    2786634
    3262428
    3642252
    3874248
    3842889
    3839368
    3543176
    3072784
    2459505
    1703985
     845158
     -74250
    -972270
   -1878150
   -2671801
   -3384540
   -3975000
   -4365270
   -4594572
   -4628106
   -4471296
   -4167300
   -3687736
   -3076480
   -2375946
   -1592924
    -766797
      65562
     837850
    1583850
    2211366
    2756610
    3194522
    3471390
    3625140
    3632580
    3594675
    3267720
    2903160
    2436896
    1897569
    1284839
     625646
     -54174
    -701870
   -1346150
   -1907415
   -2413800
   -2839528
   -3131388
   -3316628
   -3369114
   -3288282
   -3101724
   -2781688
   -2355232
   -1848372
   -1260540
    -617895
      53846
     701870
    1354350
    1931342
    2460330
    2915106
    3239964
    3461460
    3549420
    3407223
    3164248
    2879032
    2477024
    1978713
    1375455
     687884
     -61202
    -814866
   -1605950
   -2337959
   -3038400
   -3668024
   -4147650
   -4499588
   -4674726
   -4659732
   -4479572
   -4086264
   -3510144
   -2787738
   -1918070
    -945461
      82550
    1073878
    2059050
    2903900
    3640410
    4220602
    4563468
    4712372
    4637808
    4450509
    4100600
    3488056
    2773232
    2020665
    1262373
     557750
     -42934
    -481806
    -772850
    -870815
    -807840
    -594872
    -257166
     153884
     589302
     994578
    1326924
    1529944
    1572736
    1441962
    1116814
     608097
     -57810
    -809562
   -1655750
   -2472362
   -3261510
   -3959418
   -4464018
   -4790244
   -4886280
   -4840911
   -4421920
   -3880344
   -3183488
   -2395473
   -1548509
    -710194
      57050
     673582
    1152350
    1417515
    1502100
    1404712
    1132092
     743876
     283878
    -188436
    -616540
    -942760
   -1121472
   -1126356
    -928814
    -529713
      52194
     752206
    1575250
    2399374
    3219930
    3967474
    4532580
    4921932
    5075028
    4886175
    4672248
    4128072
    3409120
    2582601
    1681519
     777262
     -63010
    -752206
   -1304850
   -1635201
   -1778580
   -1730344
   -1491048
   -1124060
    -669690
    -188436
     261348
     623896
     851488
     914388
     784430
     459195
     -46094
    -673582
   -1426250
   -2192338
   -2965230
   -3680002
   -4232592
   -4626564
   -4803120
   -4840911
   -4498480
   -4017624
   -3357552
   -2577357
   -1703233
    -800906
      66230
     809562
    1445250
    1877169
    2138580
    2215188
    2091024
    1824164
    1441314
     994578
     542532
     129064
    -193424
    -387228
    -421872
    -282095
      30914
     481806
    1073350
    1721750
    2417310
    3104210
    3687138
    4158836
    4454100
    4637961
    4449760
    4113720
    3566288
    2848113
    1965211
     969174
     -84514
   -1096862
   -2096850
   -2947707
   -3684780
   -4264592
   -4609566
   -4769412
   -4717566
   -4471296
   -4084940
   -3541096
   -2892736
   -2187438
   -1436132
    -677419
      56814
     713258
    1327250
    1828534
    2256390
    2597530
    2815254
    2944876
    2969568
    2799603
    2733888
    2469896
    2117456
    1690845
    1178337
     592342
     -53090
    -713258
   -1420350
   -2091163
   -2750040
   -3360412
   -3846024
   -4222076
   -4437090
   -4471296
   -4343156
   -4000152
   -3467024
   -2776008
   -1924274
    -954891
      83874
    1096862
    2112850
    2991798
    3763170
    4375362
    4741542
    4904820
    4833360
    4450509
    3920568
    3326648
    2639296
    1919925
    1198265
     529276
     -40782
    -458822
    -739750
    -841705
    -795960
    -612892
    -314496
      51212
     441126
     806142
    1108148
    1297192
    1345872
    1241724
     966226
     528149
     -50386
    -707954
   -1452950
   -2177428
   -2884050
   -3517186
   -3985956
   -4302428
   -4418820
   -4233291
   -3888088
   -3447080
   -2864048
   -2188749
   -1442007
    -676890
      55966
     684970
    1226550
    1601263
    1838340
    1925596
    1846728
    1649324
    1351854
     994578
     624892
     275704
      -9680
    -198720
    -265080
    -192717
      22166
     357214
     816750
    1338918
    1917090
    2507218
    3031002
    3478572
    3791088
    3842889
    3915928
    3680456
    3246848
    2641389
    1858709
     935870
     -83430
   -1108250
   -2171050
   -3131455
   -4021020
   -4785476
   -5324202
   -5674860
   -5785542
   -5654310
   -5326372
   -4759560
   -4004528
   -3115074
   -2099866
   -1014415
      86842
    1108250
    2085750
    2888990
    3559230
    4057786
    4316832
    4388236
    4253508
    3842889
    3490208
    2917512
    2279728
    1632057
    1001147
     433734
     -32670
    -357214
    -554150
    -594909
    -507600
    -305280
     -12870
     328724
     678762
     994578
    1244564
    1383304
    1388992
    1253454
     960022
     518719
     -49062
    -684970
   -1399150
   -2089530
   -2761290
   -3362426
   -3807882
   -4109980
   -4223268
   -4233291
   -4068120
   -3608488
   -2997984
   -2289489
   -1506115
    -705364
      58118
     707954
    1259650
    1630373
    1850220
    1907576
    1789398
    1546652
    1203678
     806142
     406116
      42952
    -236544
    -398958
    -415668
    -272665
      29590
     458822
    1019550
    1633852
    2294550
    2949450
    3509064
    3966388
    4258548
    4450509
    4449760
    4113720
    3566288
    2848113
    1965211
     969174
     -84514
   -1096862
   -2096850
   -2947707
   -3684780
   -4264592
   -4609566
   -4769412
   -4717566
   -4471296
   -4084940
   -3541096
   -2892736
   -2187438
   -1436132
    -677419
      56814
     713258
    1327250
    1828534
    2256390
    2597530
    2815254
    2944876
    2969568
    2799603
    2733888
    2469896
    2117456
    1690845
    1178337
     592342
     -53090
    -713258
   -1420350
   -2091163
   -2750040
   -3360412
   -3846024
   -4222076
   -4437090
   -4471296
   -4343156
   -4000152
   -3467024
   -2776008
   -1924274
    -954891
      83874
    1096862
    2112850
    2991798
    3763170
    4375362
    4741542
    4904820
    4833360
    4637961
    4100600
    3488056
    2773232
    2020665
    1262373
     557750
     -42934
    -481806
    -772850
    -870815
    -807840
    -594872
    -257166
     153884
     589302
     994578
    1326924
    1529944
    1572736
    1441962
    1116814
     608097
     -57810
    -809562
   -1655750
   -2472362
   -3261510
   -3959418
   -4464018
   -4790244
   -4886280
   -4840911
   -4421920
   -3880344
   -3183488
   -2395473
   -1548509
    -710194
      57050
     673582
    1152350
    1417515
    1502100
    1404712
    1132092
     743876
     283878
    -188436
    -616540
    -942760
   -1121472
   -1126356
    -928814
    -529713
      52194
     752206
    1575250
    2399374
    3219930
    3967474
    4532580
    4921932
    5075028
    5073627
    4852280
    4289480
    3543056
    2683341
    1745627
     805736
     -65162
    -775190
   -1337950
   -1664311
   -1790460
   -1712324
   -1433718
   -1021388
    -521514
          0
     480124
     856648
    1078352
    1114626
     935018
     539143
     -53518
    -775190
   -1629050
   -2487272
   -3342690
   -4122234
   -4710654
   -5114380
   -5270580
   -5073627
   -4672248
   -4128072
   -3409120
   -2582601
   -1681519
    -777262
      63010
     752206
    1304850
    1635201
    1778580
    1730344
    1491048
    1124060
     669690
     188436
    -261348
    -623896
    -851488
    -914388
    -784430
    -459195
      46094
     673582
    1426250
    2192338
    2965230
    3680002
    4232592
    4626564
    4803120
    4653459
    4318448
    3856216
    3223616
    2476617
    1639125
     772432
     -64078
    -786578
   -1412150
   -1848059
   -2126700
   -2233208
   -2148354
   -1926836
   -1589490
   -1183014
    -761308
    -361816
     -33440
     186990
     271284
     202147
     -23490
    -380198
    -870550
   -1426816
   -2039850
   -2661978
   -3209076
   -3671020
   -3986640
   -4217793
   -4095960
   -3841864
   -3380784
   -2742129
   -1922817
    -964344
      85582
    1131234
    2204150
    3160565
    4032900
    4767456
    5266872
    5572188
    5637366
    5465874
    5107596
    4526808
    3777664
    2914836
    1949278
     934467
     -79418
   -1006642
   -1882950
   -2594056
   -3181770
   -3615554
   -3838770
   -3900420
   -3786048
   -3422721
   -3136408
   -2645656
   -2094224
   -1526073
    -958753
    -428904
      33738
     391586
     661450
     807767
     855720
     808144
     670176
     474052
     241038
          0
    -221908
    -397592
    -504064
    -526056
    -446876
    -261671
      26458
     391586
     843450
    1324008
    1835910
    2344402
    2784366
    3154436
    3406788
    3422721
    3485568
    3271320
    2887280
    2353521
    1661591
     840328
     -75318
   -1006642
   -1985450
   -2884659
   -3732660
   -4477864
   -5022576
   -5397348
   -5547906
   -5465874
   -5189956
   -4673448
   -3961408
   -3103344
   -2106070
   -1023845
      88166
    1131234
    2139550
    2976888
    3681990
    4212546
    4494906
    4580684
    4449060
    4030341
    3490208
    2917512
    2279728
    1632057
    1001147
     433734
     -32670
    -357214
    -554150
    -594909
    -507600
    -305280
     -12870
     328724
     678762
     994578
    1244564
    1383304
    1388992
    1253454
     960022
     518719
     -49062
    -684970
   -1399150
   -2089530
   -2761290
   -3362426
   -3807882
   -4109980
   -4223268
   -4233291
   -4068120
   -3608488
   -2997984
   -2289489
   -1506115
    -705364
      58118
     707954
    1259650
    1630373
    1850220
    1907576
    1789398
    1546652
    1203678
     806142
     406116
      42952
    -236544
    -398958
    -415668
    -272665
      29590
     458822
    1019550
    1633852
    2294550
    2949450
    3509064
    3966388
    4258548
    4450509
    4449760
    4113720
    3566288
    2848113
    1965211
     969174
     -84514
   -1096862
   -2096850
   -2947707
   -3684780
   -4264592
   -4609566
   -4769412
   -4717566
   -4471296
   -4084940
   -3541096
   -2892736
   -2187438
   -1436132
    -677419
      56814
     713258
    1327250
    1828534
    2256390
    2597530
    2815254
    2944876
    2969568
    2987055
    2913920
    2631304
    2251392
    1791585
    1242445
     620816
     -55242
    -736242
   -1453450
   -2120273
   -2761920
   -3342392
   -3788694
   -4119404
   -4288914
   -4282860
   -4124380
   -3767400
   -3240160
   -2575770
   -1773686
    -874943
      76450
     995254
    1910050
    2696864
    3385710
    3933130
    4263480
    4417004
    4365900
    4030341
    3566768
    3054792
    2453792
    1813941
    1155871
     524446
     -41850
    -493194
    -847050
   -1054563
   -1144080
   -1115756
    -971802
    -751564
    -478674
    -188436
      85492
     311480
     460944
     514326
     453080
     271101
     -27782
    -414570
    -897250
   -1411906
   -1958670
   -2499162
   -2962440
   -3346884
   -3602340
   -3610173
   -3485568
   -3271320
   -2887280
   -2353521
   -1661591
    -840328
      75318
    1006642
    1985450
    2884659
    3732660
    4477864
    5022576
    5397348
    5547906
    5465874
    5189956
    4673448
    3961408
    3103344
    2106070
    1023845
     -88166
   -1131234
   -2139550
   -2976888
   -3681990
   -4212546
   -4494906
   -4580684
   -4449060
   -4030341
   -3490208
   -2917512
   -2279728
   -1632057
   -1001147
    -433734
      32670
     357214
     554150
     594909
     507600
     305280
      12870
    -328724
    -678762
    -994578
   -1244564
   -1383304
   -1388992
   -1253454
    -960022
    -518719
      49062
     684970
    1399150
    2089530
    2761290
    3362426
    3807882
    4109980
    4223268
    4045839
    3888088
    3447080
    2864048
    2188749
    1442007
     676890
     -55966
    -684970
   -1226550
   -1601263
   -1838340
   -1925596
   -1846728
   -1649324
   -1351854
    -994578
    -624892
    -275704
       9680
     198720
     265080
     192717
     -22166
    -357214
    -816750
   -1338918
   -1917090
   -2507218
   -3031002
   -3478572
   -3791088
   -4030341
   -4095960
   -3841864
   -3380784
   -2742129
   -1922817
    -964344
      85582
    1131234
    2204150
    3160565
    4032900
    4767456
    5266872
    5572188
    5637366
    5465874
    5107596
    4526808
    3777664
    2914836
    1949278
     934467
     -79418
   -1006642
   -1882950
   -2594056
   -3181770
   -3615554
   -3838770
   -3900420
   -3786048
   -3610173
   -3316440
   -2807064
   -2228160
   -1626813
   -1022861
    -457378
      35890
     414570
     694550
     836877
     867600
     790124
     612846
     371380
      92862
    -188436
    -440684
    -630344
    -730928
    -726294
    -597464
    -341619
      33882
     493194
    1046250
    1618942
    2213370
    2786634
    3262428
    3642252
    3874248
    3842889
    3839368
    3543176
    3072784
    2459505
    1703985
     845158
     -74250
    -972270
   -1878150
   -2671801
   -3384540
   -3975000
   -4365270
   -4594572
   -4628106
   -4471296
   -4167300
   -3687736
   -3076480
   -2375946
   -1592924
    -766797
      65562
     837850
    1583850
    2211366
    2756610
    3194522
    3471390
    3625140
    3632580
    3594675
    3267720
    2903160
    2436896
    1897569
    1284839
     625646
     -54174
    -701870
   -1346150
   -1907415
   -2413800
   -2839528
   -3131388
   -3316628
   -3369114
   -3288282
   -3101724
   -2781688
   -2355232
   -1848372
   -1260540
    -617895
      53846
     701870
    1354350
    1931342
    2460330
    2915106
    3239964
    3461460
    3549420
    3594675
    3344280
    3040440
    2610960
    2079453
    1439563
     716358
     -63354
    -837850
   -1639050
   -2367069
   -3050280
   -3650004
   -4090320
   -4396916
   -4526550
   -4471296
   -4260796
   -3853512
   -3283280
   -2587500
   -1767482
    -865513
      75126
     972270
    1856250
    2608966
    3262950
    3778370
    4085406
    4224556
    4170348
    4030341
    3746800
    3216200
    2587728
    1914681
    1219979
     552920
     -44002
    -516178
    -880150
   -1083673
   -1155960
   -1097736
    -914472
    -648892
    -330498
          0
     304268
     544232
     687808
     714564
     603668
     351049
     -35206
    -516178
   -1100050
   -1706840
   -2336130
   -2941394
   -3440502
   -3834700
   -4069800
   -4030341
   -3839368
   -3543176
   -3072784
   -2459505
   -1703985
    -845158
      74250
     972270
    1878150
    2671801
    3384540
    3975000
    4365270
    4594572
    4628106
    4471296
    4167300
    3687736
    3076480
    2375946
    1592924
     766797
     -65562
    -837850
   -1583850
   -2211366
   -2756610
   -3194522
   -3471390
   -3625140
   -3632580
   -3594675
   -3267720
   -2903160
   -2436896
   -1897569
   -1284839
    -625646
      54174
     701870
    1346150
    1907415
    2413800
    2839528
    3131388
    3316628
    3369114
    3288282
    3101724
    2781688
    2355232
    1848372
    1260540
     617895
     -53846
    -701870
   -1354350
   -1931342
   -2460330
   -2915106
   -3239964
   -3461460
   -3549420
   -3594675
   -3344280
   -3040440
   -2610960
   -2079453
   -1439563
    -716358
      63354
     837850
    1639050
    2367069
    3050280
    3650004
    4090320
    4396916
    4526550
    4471296
    4260796
    3853512
    3283280
    2587500
    1767482
     865513
     -75126
    -972270
   -1856250
   -2608966
   -3262950
   -3778370
   -4085406
   -4224556
   -4170348
   -3842889
   -3566768
   -3054792
   -2453792
   -1813941
   -1155871
    -524446
      41850
     493194
     847050
    1054563
    1144080
    1115756
     971802
     751564
     478674
     188436
     -85492
    -311480
    -460944
    -514326
    -453080
    -271101
      27782
     414570
     897250
    1411906
    1958670
    2499162
    2962440
    3346884
    3602340
    3610173
    3485568
    3271320
    2887280
    2353521
    1661591
     840328
     -75318
   -1006642
   -1985450
   -2884659
   -3732660
   -4477864
   -5022576
   -5397348
   -5547906
   -5465874
   -5189956
   -4673448
   -3961408
   -3103344
   -2106070
   -1023845
      88166
    1131234
    2139550
    2976888
    3681990
    4212546
    4494906
    4580684
    4449060
    4217793
    3670240
    3078920
    2413664
    1732797
    1065255
     462208
     -34822
    -380198
    -587250
    -624019
    -519480
    -287260
      44460
     431396
     826938
    1183014
    1463340
    1616056
    1615856
    1453692
    1110610
     598667
     -56486
    -786578
   -1601950
   -2384464
   -3138750
   -3804658
   -4285944
   -4597796
   -4690728
   -4653459
   -4421920
   -3880344
   -3183488
   -2395473
   -1548509
    -710194
      57050
     673582
    1152350
    1417515
    1502100
    1404712
    1132092
     743876
     283878
    -188436
    -616540
    -942760
   -1121472
   -1126356
    -928814
    -529713
      52194
     752206
    1575250
    2399374
    3219930
    3967474
    4532580
    4921932
    5075028
    5073627
    4852280
    4289480
    3543056
    2683341
    1745627
     805736
     -65162
    -775190
   -1337950
   -1664311
   -1790460
   -1712324
   -1433718
   -1021388
    -521514
          0
     480124
     856648
    1078352
    1114626
     935018
     539143
     -53518
    -775190
   -1629050
   -2487272
   -3342690
   -4122234
   -4710654
   -5114380
   -5270580
   -5261079
   -4852280
   -4289480
   -3543056
   -2683341
   -1745627
    -805736
      65162
     775190
    1337950
    1664311
    1790460
    1712324
    1433718
    1021388
     521514
          0
    -480124
    -856648
   -1078352
   -1114626
    -935018
    -539143
      53518
     775190
    1629050
    2487272
    3342690
    4122234
    4710654
    5114380
    5270580
    5261079
    4852280
    4289480
    3543056
    2683341
    1745627
     805736
     -65162
    -775190
   -1337950
   -1664311
   -1790460
   -1712324
   -1433718
   -1021388
    -521514
          0
     480124
     856648
    1078352
    1114626
     935018
     539143
     -53518
    -775190
   -1629050
   -2487272
   -3342690
   -4122234
   -4710654
   -5114380
   -5270580
   -5261079
   -4852280
   -4289480
   -3543056
   -2683341
   -1745627
    -805736
      65162
     775190
    1337950
    1664311
    1790460
    1712324
    1433718
    1021388
     521514
          0
    -480124
    -856648
   -1078352
   -1114626
    -935018
    -539143
      53518
     775190
    1629050
    2487272
    3342690
    4122234
    4710654
    5114380
    5270580
    5073627
    4672248
    4128072
    3409120
    2582601
    1681519
     777262
     -63010
    -752206
   -1304850
   -1635201
   -1778580
   -1730344
   -1491048
   -1124060
    -669690
    -188436
     261348
     623896
     851488
     914388
     784430
     459195
     -46094
    -673582
   -1426250
   -2192338
   -2965230
   -3680002
   -4232592
   -4626564
   -4803120
   -4653459
   -4318448
   -3856216
   -3223616
   -2476617
   -1639125
    -772432
      64078
     786578
    1412150
    1848059
    2126700
    2233208
    2148354
    1926836
    1589490
    1183014
     761308
     361816
      33440
    -186990
    -271284
    -202147
      23490
     380198
     870550
    1426816
    2039850
    2661978
    3209076
    3671020
    3986640
    4030341
    3915928
    3680456
    3246848
    2641389
    1858709
     935870
     -83430
   -1108250
   -2171050
   -3131455
   -4021020
   -4785476
   -5324202
   -5674860
   -5785542
   -5654310
   -5326372
   -4759560
   -4004528
   -3115074
   -2099866
   -1014415
      86842
    1108250
    2085750
    2888990
    3559230
    4057786
    4316832
    4388236
    4253508
    4030341
    3670240
    3078920
    2413664
    1732797
    1065255
     462208
     -34822
    -380198
    -587250
    -624019
    -519480
    -287260
      44460
     431396
     826938
    1183014
    1463340
    1616056
    1615856
    1453692
    1110610
     598667
     -56486
    -786578
   -1601950
   -2384464
   -3138750
   -3804658
   -4285944
   -4597796
   -4690728
   -4466007
   -4241888
   -3718936
   -3049552
   -2294733
   -1484401
    -681720
      54898
     650598
    1119250
    1388405
    1490220
    1422732
    1189422
     846548
     432054
          0
    -397764
    -710008
    -894608
    -926118
    -778226
    -449765
      44770
     650598
    1372450
    2104440
    2842470
    3525242
    4054518
    4434116
    4607568
    4466007
    4318448
    3856216
    3223616
    2476617
    1639125
     772432
     -64078
    -786578
   -1412150
   -1848059
   -2126700
   -2233208
   -2148354
   -1926836
   -1589490
   -1183014
    -761308
    -361816
     -33440
     186990
     271284
     202147
     -23490
    -380198
    -870550
   -1426816
   -2039850
   -2661978
   -3209076
   -3671020
   -3986640
   -4030341
   -3915928
   -3680456
   -3246848
   -2641389
   -1858709
    -935870
      83430
    1108250
    2171050
    3131455
    4021020
    4785476
    5324202
    5674860
    5785542
    5654310
    5326372
    4759560
    4004528
    3115074
    2099866
    1014415
     -86842
   -1108250
   -2085750
   -2888990
   -3559230
   -4057786
   -4316832
   -4388236
   -4253508
   -4030341
   -3670240
   -3078920
   -2413664
   -1732797
   -1065255
    -462208
      34822
     380198
     587250
     624019
     519480
     287260
     -44460
    -431396
    -826938
   -1183014
   -1463340
   -1616056
   -1615856
   -1453692
   -1110610
    -598667
      56486
     786578
    1601950
    2384464
    3138750
    3804658
    4285944
    4597796
    4690728
    4653459
    4421920
    3880344
    3183488
    2395473
    1548509
     710194
     -57050
    -673582
   -1152350
   -1417515
   -1502100
   -1404712
   -1132092
    -743876
    -283878
     188436
     616540
     942760
    1121472
    1126356
     928814
     529713
     -52194
    -752206
   -1575250
   -2399374
   -3219930
   -3967474
   -4532580
   -4921932
   -5075028
   -5073627
   -4852280
   -4289480
   -3543056
   -2683341
   -1745627
    -805736
      65162
     775190
    1337950
    1664311
    1790460
    1712324
    1433718
    1021388
     521514
          0
    -480124
    -856648
   -1078352
   -1114626
    -935018
    -539143
      53518
     775190
    1629050
    2487272
    3342690
    4122234
    4710654
    5114380
    5270580
    5073627
    4672248
    4128072
    3409120
    2582601
    1681519
     777262
     -63010
    -752206
   -1304850
   -1635201
   -1778580
   -1730344
   -1491048
   -1124060
    -669690
    -188436
     261348
     623896
     851488
     914388
     784430
     459195
     -46094
    -673582
   -1426250
   -2192338
   -2965230
   -3680002
   -4232592
   -4626564
   -4803120
   -4840911
   -4498480
   -4017624
   -3357552
   -2577357
   -1703233
    -800906
      66230
     809562
    1445250
    1877169
    2138580
    2215188
    2091024
    1824164
    1441314
     994578
     542532
     129064
    -193424
    -387228
    -421872
    -282095
